158.176000 355.020000 
133.569000 338.391000 
133.443000 339.355000 
133.909000 337.870000 
133.475000 339.812000 
132.450000 337.704000 
132.724000 340.739000 
131.932000 340.576000 
133.182000 339.570000 
133.636000 337.868000 
133.079000 340.058000 
132.835000 338.240000 
133.206000 340.657000 
133.251000 338.711000 
132.373000 341.657000 
132.953000 339.776000 
134.102000 339.673000 
133.302000 342.528000 
133.070000 339.665000 
133.889000 341.557000 
132.661000 337.936000 
132.692000 337.392000 
133.352000 339.780000 
133.815000 338.739000 
134.484000 338.031000 
133.747000 337.592000 
133.640000 339.392000 
133.211000 340.578000 
132.899000 339.158000 
133.770000 339.187000 
133.312000 335.207000 
132.961000 338.954000 
132.938000 338.141000 
133.297000 340.523000 
132.251000 339.583000 
132.701000 338.897000 
133.523000 340.146000 
131.768000 341.421000 
134.069000 340.325000 
133.698000 340.122000 
133.128000 338.964000 
134.080000 338.756000 
132.210000 339.000000 
133.218000 340.388000 
133.372000 340.567000 
133.264000 339.625000 
132.955000 339.382000 
133.527000 339.943000 
133.248000 339.917000 
135.623000 338.831000 
133.490000 338.920000 
133.881000 339.855000 
133.884000 340.386000 
133.828000 338.622000 
132.782000 340.867000 
133.403000 338.782000 
133.847000 338.807000 
133.300000 341.664000 
132.949000 339.850000 
133.996000 339.686000 
133.023000 339.170000 
133.041000 339.113000 
133.604000 339.964000 
133.115000 339.314000 
133.993000 341.949000 
132.743000 337.755000 
133.251000 340.143000 
132.104000 342.489000 
134.404000 336.300000 
134.196000 338.855000 
133.823000 340.001000 
134.481000 340.036000 
133.717000 337.994000 
133.555000 340.222000 
133.316000 339.853000 
132.833000 338.497000 
132.831000 340.369000 
134.288000 338.821000 
133.718000 339.205000 
133.607000 337.380000 
133.592000 338.754000 
133.117000 340.877000 
133.322000 340.174000 
134.062000 339.824000 
133.568000 339.302000 
133.305000 339.509000 
133.536000 340.853000 
133.365000 337.556000 
133.857000 342.210000 
133.439000 339.724000 
133.317000 341.086000 
132.634000 337.958000 
133.698000 339.118000 
133.746000 337.845000 
134.061000 339.093000 
134.206000 340.468000 
132.941000 337.759000 
133.563000 339.670000 
133.476000 339.892000 
133.478000 340.858000 
