9.035000 34.262000 
8.746000 34.363000 
8.977000 42.738000 
8.918000 27.964000 
8.880000 28.036000 
8.759000 28.314000 
9.102000 28.076000 
10.104000 28.194000 
9.091000 28.172000 
9.022000 28.288000 
8.823000 28.586000 
8.952000 28.413000 
14.330000 37.203000 
9.330000 30.190000 
9.289000 28.815000 
9.201000 29.247000 
9.447000 31.733000 
10.245000 29.372000 
9.672000 31.727000 
9.820000 29.611000 
9.118000 32.058000 
9.252000 30.275000 
9.490000 30.299000 
9.087000 29.820000 
9.464000 29.182000 
9.152000 36.911000 
8.677000 27.960000 
8.863000 29.399000 
9.145000 28.833000 
9.363000 28.755000 
9.497000 28.997000 
9.220000 29.517000 
9.379000 31.329000 
9.260000 29.285000 
9.102000 29.384000 
9.220000 34.655000 
8.751000 27.442000 
9.283000 28.031000 
9.986000 29.695000 
9.137000 33.979000 
9.076000 29.127000 
9.261000 29.056000 
9.713000 29.071000 
9.374000 29.477000 
9.243000 29.326000 
9.128000 28.478000 
9.679000 28.911000 
9.383000 30.642000 
9.216000 29.561000 
9.381000 29.570000 
9.172000 29.574000 
9.509000 28.913000 
9.197000 29.475000 
9.320000 31.399000 
9.302000 38.401000 
9.991000 28.309000 
9.261000 28.825000 
9.386000 32.095000 
8.798000 28.309000 
9.740000 28.136000 
8.877000 28.500000 
21.597000 37.423000 
9.480000 30.344000 
9.789000 31.664000 
9.529000 30.445000 
10.328000 30.422000 
9.442000 30.295000 
9.237000 28.863000 
9.372000 28.656000 
9.407000 29.061000 
9.449000 29.422000 
9.192000 30.061000 
9.816000 44.354000 
10.738000 31.371000 
9.309000 28.767000 
9.330000 29.164000 
9.237000 29.370000 
9.255000 29.092000 
9.192000 29.136000 
12.191000 35.523000 
9.699000 29.521000 
9.619000 29.004000 
9.468000 28.890000 
9.128000 30.055000 
10.584000 29.712000 
9.233000 29.454000 
9.491000 30.090000 
9.214000 29.121000 
8.956000 36.158000 
10.337000 28.656000 
14.558000 34.084000 
9.008000 35.470000 
14.757000 36.668000 
8.896000 28.856000 
9.091000 27.785000 
8.898000 33.391000 
8.891000 28.239000 
12.354000 36.204000 
14.993000 37.347000 
8.914000 27.975000 
